-17.840478897094727
-17.834579467773438
-17.692583084106445
-15.45093059539795
-14.141992568969727
-18.260072708129883
-18.250085830688477
-18.70107650756836
-16.338769912719727
-18.51782989501953
-16.70033836364746
-18.793926239013672
-17.138362884521484
-18.709184646606445
-18.570476531982422
-18.834264755249023
-18.650278091430664
-18.09760284423828
-17.618505477905273
-17.95836067199707
-18.151090621948242
-17.023311614990234
-17.783222198486328
-15.79416561126709
-14.461820602416992
-15.18106746673584
-17.243289947509766
-17.330835342407227
-17.66390037536621
-18.73920249938965
-16.97247314453125
-18.70033073425293
-18.87099266052246
-18.43808937072754
-18.260122299194336
-18.83173370361328
-18.568788528442383
-18.200159072875977