2.781820774078369
2.6854755878448486
2.64786958694458
3.3600893020629883
2.870671033859253
3.1390156745910645
3.2827837467193604
3.5608108043670654
2.7352960109710693
3.890321969985962
3.2955150604248047
3.037220001220703
3.1807053089141846
2.938256025314331
2.9766716957092285
2.6817426681518555
2.656395196914673
2.678663969039917
2.732795000076294
2.6682231426239014
2.850482702255249
2.6502292156219482
2.664721727371216
2.663393259048462
2.867114305496216
2.9485552310943604
2.8237507343292236
2.937246084213257
2.727320909500122
2.7364838123321533
2.958700180053711
2.7758259773254395
2.6977784633636475
3.0215342044830322