2.781820774078369
2.64786958694458
3.3600893020629883
2.870671033859253
3.1390156745910645
2.580314874649048
3.2827837467193604
2.6162049770355225
3.5608108043670654
3.890321969985962
3.2955150604248047
3.037220001220703
3.1807053089141846
2.938256025314331
2.5737125873565674
2.9766716957092285
2.562880754470825
2.6817426681518555
2.732795000076294
2.6682231426239014
2.850482702255249
2.6502292156219482
2.858604669570923
2.5281288623809814
2.6153883934020996
2.6135714054107666
2.8237507343292236
2.565323829650879
2.535507917404175
2.6039578914642334
2.8138043880462646
2.6037023067474365
2.7364838123321533
2.6977784633636475
3.0215342044830322
2.6391592025756836